10
13
19
25
30
46
61
75
79
80
91
101
103
115
149
169
181
185
187
192
198
216
227
281
291
296
302
309
342
343
348
353
359
361
364
370
376
408
416
427
439
441
445
450
452
456
473
479
489
509
512
536
556
557
591
604
607
608
609
621
626
627
640
642
12
29
38
44
68
72
77
92
124
131
142
143
145
166
167
190
191
205
211
212
213
243
253
254
256
264
268
288
294
319
327
328
332
335
345
351
352
383
400
402
414
436
438
449
463
472
481
483
498
507
510
514
515
529
533
576
586
587
603
614
619
622
638
641
4
14
21
27
45
53
54
59
65
89
112
123
127
151
153
160
199
201
202
207
224
225
283
285
307
308
312
314
316
317
320
322
323
337
338
346
375
391
399
401
404
405
409
417
433
442
457
477
495
525
528
538
543
546
551
570
571
580
582
595
598
600
612
624
2
5
24
32
34
48
49
52
93
94
96
105
106
110
114
121
126
130
147
152
154
157
173
180
195
197
219
222
246
262
273
276
289
297
303
305
311
315
350
363
378
380
388
412
415
421
448
451
462
471
503
519
535
541
542
547
561
568
572
579
589
615
633
639
3
17
26
28
35
40
56
71
85
87
98
102
107
111
116
117
128
132
136
139
155
161
175
184
203
223
230
241
247
249
255
266
286
356
360
368
382
403
420
423
430
444
446
476
478
480
488
496
499
501
506
521
524
526
539
563
564
567
573
581
588
620
636
637
6
9
15
42
47
63
67
73
76
86
100
129
141
164
168
186
188
200
206
220
221
228
235
240
245
258
259
267
272
275
298
300
318
326
329
366
379
385
387
390
392
394
397
413
426
432
437
466
470
485
492
494
511
516
518
520
540
545
552
555
605
606
613
631
7
11
20
22
31
43
58
64
88
90
104
120
125
133
158
162
174
208
214
229
231
232
233
236
239
250
257
261
279
295
304
313
336
349
355
357
367
372
377
396
410
424
435
443
465
469
475
500
502
504
508
513
522
553
554
558
559
560
597
625
628
629
634
635
33
39
55
57
66
70
74
81
83
84
99
108
119
135
144
148
150
156
172
176
177
182
183
189
193
204
209
210
242
251
252
269
270
293
321
324
333
334
347
358
365
373
374
384
434
453
455
458
460
482
491
493
517
523
531
532
544
549
550
562
565
566
584
585
616
617
