3
26
41
42
54
65
76
88
93
98
103
107
119
125
137
139
148
165
168
173
184
188
200
205
228
235
244
247
249
257
263
270
285
291
337
338
343
352
377
380
398
402
405
410
412
427
428
440
441
454
455
515
516
521
532
534
537
544
567
571
581
582
623
636
655
670
677
683
9
10
19
48
50
59
63
69
80
83
90
127
129
130
143
161
163
170
177
182
192
193
206
212
231
239
245
246
267
269
272
292
301
344
348
351
371
378
419
445
448
449
460
461
481
488
506
512
522
525
527
542
545
554
575
577
585
592
593
609
611
626
637
647
659
660
662
673
2
8
11
12
14
29
51
61
73
85
97
114
126
132
136
141
147
155
159
181
216
220
225
261
273
276
278
281
286
296
299
328
330
335
340
354
363
365
384
415
421
434
446
457
467
471
472
490
492
493
507
526
543
548
561
565
579
599
603
604
628
630
633
635
650
675
676
686
13
16
27
33
38
47
56
70
101
105
109
118
142
145
154
199
201
202
219
223
234
242
275
277
279
280
289
297
302
307
332
336
350
370
373
382
387
390
393
411
432
433
435
444
480
485
498
505
523
530
536
550
566
572
584
595
596
597
598
602
605
607
608
620
632
648
667
685
4
6
22
31
35
36
44
46
52
53
60
68
75
81
87
104
123
135
175
183
185
207
213
217
230
241
252
254
312
319
320
326
329
333
372
394
396
408
414
423
424
429
436
438
443
451
465
466
469
474
475
483
517
520
528
553
555
562
563
576
590
613
618
627
631
645
666
681
7
18
28
30
58
79
84
92
96
110
124
134
153
156
158
164
172
186
191
194
203
210
226
227
232
236
262
264
266
268
271
284
295
300
308
316
318
334
347
360
361
388
389
392
397
431
452
462
479
486
491
502
513
551
552
558
570
601
616
617
625
634
649
651
661
665
671
674
23
24
37
43
55
62
64
86
95
99
102
111
113
116
121
140
146
149
174
187
190
195
198
222
233
240
248
258
260
274
282
283
311
315
327
331
374
379
385
399
406
416
422
426
430
437
439
463
470
476
478
487
489
496
499
501
503
511
529
535
539
583
587
639
641
652
657
664
17
45
57
74
82
89
100
108
115
117
120
128
131
138
150
151
166
167
196
214
221
224
229
237
251
253
256
304
321
339
342
353
356
359
368
369
376
381
383
401
403
404
409
413
442
447
450
456
482
495
497
508
509
510
524
538
540
560
568
578
580
612
614
615
621
629
638
640
642
643
644
679
680
684
