3
7
29
35
36
47
54
61
74
87
105
110
113
119
125
140
148
150
158
164
187
210
214
218
228
244
281
288
291
307
323
324
328
345
347
348
371
372
376
383
392
405
439
442
445
461
469
472
477
480
482
494
517
526
552
556
557
587
613
616
619
624
628
633
636
643
644
649
650
662
684
700
729
735
763
765
771
789
795
796
798
811
813
826
830
837
869
879
895
897
898
903
911
917
919
950
960
965
977
980
981
988
995
1000
1025
1029
1033
1034
1056
1071
1073
1078
1084
1093
1118
1119
1138
1139
1155
1157
1158
1159
1196
1201
1209
1215
1222
1243
1260
1268
1292
1307
25
28
31
37
42
45
48
66
67
69
75
89
90
98
101
103
109
117
124
129
134
141
153
169
175
180
207
211
222
226
232
237
252
257
261
262
282
304
313
329
330
338
340
344
351
352
385
394
422
423
431
450
470
474
498
505
508
515
520
523
529
549
560
571
580
582
589
592
595
599
603
614
653
672
698
709
711
712
725
737
741
769
786
803
806
829
849
850
851
854
870
877
881
885
913
921
930
985
1001
1007
1024
1036
1057
1067
1072
1087
1101
1103
1104
1105
1111
1112
1148
1151
1152
1160
1178
1189
1192
1219
1252
1254
1257
1272
1275
1276
1278
1304
1308
1310
1317
1322
4
9
12
23
24
26
40
51
57
65
83
86
93
127
130
137
152
155
162
204
206
212
215
221
236
251
272
286
325
331
333
350
362
382
390
402
404
426
428
496
525
528
530
539
562
596
601
607
610
611
640
642
646
654
660
669
671
679
680
683
687
705
720
722
724
727
731
733
740
744
772
785
792
800
801
802
816
831
838
840
842
843
868
872
901
926
937
946
955
966
971
973
975
990
993
996
1005
1026
1037
1038
1040
1045
1049
1059
1066
1088
1091
1097
1113
1120
1136
1175
1199
1202
1207
1213
1216
1220
1238
1242
1245
1251
1256
1261
1265
1279
1284
1285
1286
1291
1315
1316
1
5
11
13
68
70
71
131
159
163
166
167
171
176
177
178
197
199
203
213
238
240
243
246
249
263
274
279
283
285
300
306
312
314
315
318
321
341
349
355
358
366
367
369
375
386
388
401
409
415
421
438
440
451
475
484
495
499
519
548
550
564
584
585
608
623
651
675
688
691
696
704
715
723
730
739
746
779
780
781
809
823
827
873
882
883
888
899
915
927
940
943
951
952
954
957
958
967
997
999
1010
1012
1016
1023
1051
1070
1080
1082
1115
1121
1145
1156
1168
1176
1191
1195
1224
1225
1226
1230
1232
1249
1250
1266
1269
1274
1283
1297
1300
1306
1319
1321
6
19
20
27
44
46
49
50
63
72
77
82
96
108
115
142
146
154
179
181
195
200
217
233
294
295
297
298
302
317
335
337
339
343
357
360
365
368
377
387
396
407
430
433
443
449
458
459
466
479
483
489
501
502
514
542
551
559
569
570
573
615
618
620
631
639
645
655
670
674
685
686
695
701
703
716
721
756
759
762
777
778
788
812
820
866
880
890
923
935
936
949
953
961
968
984
991
1020
1041
1042
1044
1050
1076
1079
1083
1085
1086
1095
1099
1107
1123
1125
1128
1144
1149
1164
1167
1170
1173
1177
1187
1188
1198
1212
1228
1229
1240
1263
1267
1302
1303
1312
15
16
17
32
53
60
64
76
88
91
92
139
173
174
202
208
220
229
234
247
250
259
265
289
292
308
327
356
373
380
408
414
427
434
452
454
460
463
471
487
488
492
493
507
522
524
536
547
555
565
566
576
577
604
617
629
632
634
637
648
664
668
676
693
694
713
718
719
742
745
751
752
757
758
767
775
784
790
815
825
852
855
861
864
867
871
875
876
884
894
896
902
907
941
942
959
962
974
989
992
998
1003
1004
1006
1047
1068
1074
1081
1090
1106
1116
1129
1130
1131
1133
1134
1143
1150
1154
1161
1162
1171
1181
1186
1211
1218
1248
1287
1290
1293
1295
1326
8
14
41
62
106
121
123
133
144
151
170
186
198
201
224
227
239
255
264
267
275
290
303
305
310
322
326
364
374
379
391
395
406
420
425
429
436
447
456
457
464
467
468
473
481
486
490
500
503
509
513
540
543
554
572
578
579
583
586
593
621
626
627
638
641
652
657
661
673
681
692
728
750
754
764
770
773
774
787
794
804
821
828
832
839
846
847
858
862
922
925
928
970
976
983
986
1002
1014
1021
1030
1031
1043
1046
1052
1061
1069
1075
1094
1096
1122
1127
1140
1141
1142
1153
1169
1174
1184
1194
1214
1231
1236
1237
1239
1241
1282
1299
1301
1309
1314
1323
1324
2
18
38
39
56
59
78
80
107
111
118
128
143
147
161
165
172
189
190
191
193
231
241
242
258
266
268
269
271
277
280
299
311
316
332
334
346
353
354
361
378
393
400
410
412
413
416
435
437
441
444
453
455
478
485
533
537
538
563
575
606
612
630
656
658
659
667
677
689
690
699
706
708
710
732
734
738
748
755
761
766
782
783
793
797
805
817
819
822
836
844
845
848
853
856
863
886
904
905
918
920
933
938
939
945
956
969
972
979
982
1013
1018
1019
1027
1028
1032
1058
1062
1064
1065
1092
1098
1108
1117
1165
1166
1190
1200
1204
1208
1223
1234
1244
1246
1247
1288
1296
1318
