2
17
26
61
65
66
67
72
73
79
82
87
96
107
155
161
169
172
180
206
253
264
279
301
310
332
333
402
417
442
466
471
473
474
492
559
569
572
11
24
34
38
41
52
68
74
76
85
89
101
119
120
124
126
128
129
173
174
176
179
197
209
211
222
224
232
234
255
256
275
282
285
296
304
308
312
313
319
326
328
346
348
350
362
366
381
395
403
419
456
457
458
459
472
478
479
503
539
544
564
8
13
29
31
32
40
44
75
98
105
140
143
164
178
192
218
233
241
247
249
257
258
266
267
268
269
277
280
281
292
316
330
353
355
369
372
373
374
376
394
397
406
422
436
443
445
449
490
496
504
513
515
528
530
541
546
552
555
14
18
33
42
45
53
56
58
59
69
70
77
80
102
110
114
139
146
153
162
182
193
203
212
221
226
235
283
300
322
325
338
347
357
361
371
375
382
383
387
390
391
392
398
401
420
426
427
431
434
440
447
461
469
482
509
517
522
532
535
538
549
558
560
561
566
571
9
62
63
78
130
135
141
142
154
156
165
167
205
213
216
217
227
239
248
262
272
286
306
315
320
343
344
352
363
364
365
384
385
386
388
413
423
430
437
460
465
470
475
476
481
529
537
562
563
1
19
25
27
28
35
54
55
71
81
84
92
99
104
113
116
137
151
166
175
184
188
198
201
223
246
260
263
290
295
317
318
323
327
331
340
342
408
421
425
428
450
453
467
477
480
483
486
489
506
507
508
514
521
531
536
540
542
543
568
574
12
16
36
37
47
49
60
83
103
108
132
134
136
144
150
177
190
220
228
229
231
242
250
261
271
278
287
288
336
339
341
351
360
377
379
393
404
418
432
435
438
444
446
451
484
491
493
494
502
505
516
518
520
525
526
527
550
565
570
573
576
6
7
20
23
43
46
64
86
88
94
100
106
109
111
115
123
125
131
148
149
157
158
168
181
185
186
187
191
202
259
274
284
293
298
299
303
307
311
334
337
349
396
411
412
415
448
454
455
462
498
545
547
551
575
