1
4
7
9
15
17
20
23
24
30
31
34
52
83
114
116
119
121
127
156
180
189
217
218
225
250
251
254
256
302
304
311
329
335
13
26
32
39
42
50
59
66
89
132
136
154
155
194
203
204
216
226
232
239
244
252
260
261
263
264
269
279
280
295
300
307
308
2
8
22
40
48
54
57
68
75
99
101
104
122
126
130
131
135
141
142
147
157
169
174
211
247
268
288
299
303
310
314
326
327
5
27
70
72
78
91
97
106
124
134
140
148
152
170
172
186
192
197
199
205
208
210
231
246
293
301
315
318
319
321
325
328
333
18
19
28
45
53
56
73
82
85
92
103
110
117
145
150
153
166
171
178
179
181
184
200
206
214
221
223
230
243
258
289
290
292
305
25
43
55
77
88
90
93
94
108
109
123
128
138
146
160
165
173
190
198
202
209
212
233
236
241
242
255
271
285
287
294
297
312
324
331
3
16
21
41
61
65
67
102
111
112
115
125
139
164
175
177
191
193
201
215
222
228
238
245
253
262
265
266
283
286
296
313
316
322
29
37
44
49
60
84
87
105
107
118
137
144
151
158
159
161
167
182
183
185
207
220
224
227
229
249
267
272
274
276
281
284
291
309
