577
777
639
656
520
833
450
669
1038
1062
438
661
910
812
88
389
738
1067
299
326
641
984
63
1069
745
1053
919
732
84
891
126
631
594
466
40
469
607
665
728
797
561
1006
955
960
1026
1058
289
811
871
1008
93
611
575
406
541
484
387
1076
428
944
911
629
146
24
150
255
222
752
560
228
397
839
34
204
617
57
580
494
258
308
101
942
763
837
892
531
201
842
19
496
196
855
666
31
940
69
699
814
202
706
325
1035
959
479
1087
271
1047
215
46
509
208
1037
358
341
86
736
807
477
599
62
56
260
195
897
721
893
142
805
773
380
922
327
975
638
505
316
597
1061
860
111
382
803
1083
794
514
1046
454
249
1022
894
529
772
52
754
948
152
979
317
683
162
858
817
50
1040
869
231
394
139
1039
420
898
685
1014
409
10
106
582
663
411
690
17
147
330
453
108
422
980
349
28
540
181
521
144
595
534
274
747
995
985
45
304
134
307
1049
619
198
437
1090
821
565
993
760
296
927
23
265
385
751
1010
398
60
210
718
492
965
253
68
740
755
550
433
989
587
415
642
724
125
32
698
384
363
769
135
20
907
1029
127
187
391
882
708
969
353
1084
149
672
743
766
710
221
1070
776
143
875
355
184
302
236
712
1036
71
314
1013
424
212
170
133
633
600
674
924
293
218
1085
616
1034
6
519
182
946
430
742
388
354
553
115
375
542
328
434
1032
545
729
87
238
921
346
1027
646
628
605
1018
632
98
822
74
66
128
168
804
849
500
47
244
277
576
868
404
650
43
835
191
1060
675
548
360
949
197
676
758
964
473
1009
896
250
1045
367
846
818
606
90
276
538
42
179
13
76
205
596
361
623
793
536
689
54
303
408
206
843
851
1030
1051
795
844
413
510
567
647
82
967
583
741
1059
359
431
1056
877
72
1052
546
787
1066
343
957
562
366
861
193
120
856
954
753
569
703
209
691
677
1015
603
4
563
493
936
99
620
827
378
568
376
900
224
419
425
679
761
592
767
733
1031
402
931
723
800
451
159
254
270
337
9
429
555
652
436
369
214
94
497
435
1041
713
155
130
64
1017
784
848
396
831
610
113
996
637
806
161
909
903
22
653
863
498
916
27
774
33
118
321
203
1005
287
502
306
522
457
757
799
526
472
342
1079
951
670
558
121
1088
100
1020
918
309
770
401
609
707
336
225
103
557
872
112
470
351
765
720
240
448
36
544
251
917
75
719
716
621
658
824
486
588
137
978
263
95
880
12
684
1078
131
737
651
928
114
323
973
119
798
246
51
1002
352
418
264
905
8
1054
284
319
813
908
779
335
83
963
395
245
939
1042
39
487
925
412
590
1011
2
825
233
879
344
301
764
207
67
1016
938
664
79
379
410
439
1065
841
895
475
516
459
744
322
608
887
768
904
217
739
643
700
727
992
14
145
392
334
91
923
1081
227
991
971
447
734
49
141
183
789
132
627
490
983
383
961
717
782
881
157
81
97
1074
976
445
186
693
694
117
416
1091
626
820
460
518
511
362
37
169
262
232
981
324
667
29
364
990
423
368
190
926
994
482
525
705
1077
1024
285
852
478
455
537
878
175
952
272
539
458
838
624
1007
977
390
280
456
552
281
725
655
802
465
634
105
300
163
530
696
1000
859
174
645
785
35
440
506
370
913
513
551
1043
44
166
1019
602
350
593
421
507
830
815
154
902
220
481
446
622
573
1075
659
1055
746
612
503
816
788
444
297
943
136
572
177
508
282
65
365
1082
164
598
801
735
357
854
870
138
229
876
199
532
556
432
687
1004
937
