1
4
13
17
20
62
82
85
89
98
106
107
116
117
120
135
164
170
172
206
215
222
224
242
271
279
303
308
317
321
325
348
356
358
369
374
379
381
412
416
418
448
454
466
470
480
496
513
517
521
524
526
533
540
553
554
557
587
597
599
601
603
604
613
619
621
625
628
631
633
662
678
687
704
706
715
723
735
741
757
762
768
779
790
817
854
855
858
6
11
16
29
34
48
49
56
64
69
72
87
90
94
99
100
105
110
121
128
139
187
205
235
239
244
254
255
262
272
283
292
296
315
343
360
368
375
383
399
409
437
447
457
469
478
479
492
494
529
536
538
541
544
558
579
583
590
606
620
624
626
645
653
660
686
711
725
740
742
752
765
793
796
800
801
803
819
823
840
841
843
845
846
848
857
861
869
7
9
21
61
65
67
74
91
92
113
134
152
158
168
182
190
194
201
225
236
249
260
265
266
270
281
287
305
329
331
336
340
342
365
366
370
372
382
385
389
410
420
431
438
460
461
472
491
501
512
518
519
520
523
532
550
552
555
561
569
592
627
632
655
658
734
738
748
750
760
761
769
771
777
782
789
798
821
826
831
842
847
853
865
872
873
880
881
10
18
22
25
32
33
41
51
52
54
57
78
96
118
123
124
126
140
142
150
160
161
181
188
195
200
203
204
208
217
228
274
276
278
282
302
304
306
339
344
346
373
376
403
406
411
428
445
450
459
462
467
471
476
485
490
504
534
539
546
560
566
576
577
580
582
596
602
615
636
664
665
672
689
693
694
700
727
728
756
773
775
787
828
829
860
863
879
3
28
40
58
59
86
88
95
115
125
155
169
174
185
192
193
198
210
219
229
230
231
246
247
253
258
273
277
286
313
334
337
378
387
392
404
405
413
421
422
426
427
436
439
481
497
498
510
514
525
559
562
570
581
607
610
617
629
634
639
643
648
661
677
703
714
718
721
724
731
759
767
797
802
809
812
814
822
830
833
850
852
859
864
870
871
878
884
5
79
84
93
104
109
130
131
136
137
138
145
154
159
173
176
216
220
226
259
263
269
291
297
318
326
335
338
351
384
386
388
391
395
415
425
435
443
444
452
463
468
473
482
493
508
509
522
527
528
531
537
548
563
565
568
589
598
600
608
609
612
618
630
652
657
671
675
676
680
691
695
696
710
716
717
720
726
755
783
784
799
813
818
838
851
856
866
2
27
36
39
44
70
129
133
141
146
148
157
189
197
207
211
221
234
240
245
250
252
256
267
284
288
293
295
299
300
322
324
332
333
350
353
355
363
367
371
393
394
396
400
429
430
432
433
434
446
453
499
502
511
530
543
584
585
588
611
614
641
647
663
668
669
679
683
684
688
699
701
702
712
719
732
737
747
753
758
794
795
805
807
815
820
827
876
8
19
23
42
43
46
47
55
71
76
77
80
97
101
103
112
122
147
153
156
162
179
183
196
202
212
214
218
238
241
248
289
290
307
309
310
314
319
320
327
330
354
359
361
380
407
408
414
424
455
465
474
515
551
556
574
578
586
591
593
594
622
623
637
640
644
646
650
651
670
690
692
708
722
730
746
763
770
772
774
776
778
781
808
811
824
836
839
844
849
862
875
877
883
