21
22
34
46
52
57
65
66
80
82
108
119
125
143
152
154
169
180
181
1
12
16
19
20
31
83
99
102
114
115
133
145
161
164
165
166
170
184
6
15
44
69
71
73
76
87
93
95
97
104
106
109
113
132
141
177
187
8
25
45
47
54
58
62
70
75
77
101
111
121
134
140
149
159
171
179
2
13
17
24
30
37
43
64
72
79
90
120
122
126
129
130
131
163
172
7
9
11
14
27
33
36
40
53
56
68
74
123
135
146
150
155
175
188
4
23
32
41
49
50
59
88
96
98
117
124
136
139
153
158
167
168
176
35
48
55
60
81
89
91
103
110
112
118
138
144
148
156
157
162
